

1 3.141593 90.930000

2 3.141593 45.440000

3 3.141593 30.600000

4 3.141593 23.000000

5 3.141593 19.050000

6 3.141593 15.590000

7 3.141593 13.300000

8 3.141593 11.760000

9 3.141593 10.200000

10 3.141593 9.140000

11 3.141593 8.400000

12 3.141593 8.020000

13 3.141593 7.290000

14 3.141593 7.720000

15 3.141593 6.440000

16 3.141593 6.160000

17 3.141593 5.610000

18 3.141593 5.790000

19 3.141593 5.440000

20 3.141593 4.640000

21 3.141593 4.610000

22 3.141593 5.070000

23 3.141593 5.530000

24 3.141593 4.790000

25 3.141593 3.520000

26 3.141593 3.760000

27 3.141593 3.800000

28 3.141593 4.090000

