

1 3.141593 90.860000

2 3.141593 30.500000

3 3.141593 30.390000

4 3.141593 23.010000

5 3.141593 13.910000

6 3.141593 16.400000

7 3.141593 14.040000

8 3.141593 10.780000

9 3.141593 10.740000

10 3.141593 10.340000

11 3.141593 8.750000

12 3.141593 7.960000

13 3.141593 7.490000

14 3.141593 7.060000

15 3.141593 6.530000

16 3.141593 6.140000

17 3.141593 6.010000

18 3.141593 5.330000

19 3.141593 5.020000

20 3.141593 4.740000

21 3.141593 4.500000

22 3.141593 3.990000

23 3.141593 4.090000

24 3.141593 3.920000

25 3.141593 4.690000

26 3.141593 3.760000

27 3.141593 3.750000

28 3.141593 3.540000

