

1 3.141593 68.260000

2 3.141593 43.760000

3 3.141593 30.390000

4 3.141593 22.760000

5 3.141593 18.710000

6 3.141593 13.200000

7 3.141593 13.610000

8 3.141593 12.260000

9 3.141593 9.910000

10 3.141593 9.450000

11 3.141593 8.700000

12 3.141593 8.580000

13 3.141593 6.670000

14 3.141593 6.970000

15 3.141593 6.340000

16 3.141593 5.570000

17 3.141593 5.500000

18 3.141593 5.520000

19 3.141593 4.900000

20 3.141593 6.210000

21 3.141593 4.560000

22 3.141593 5.230000

23 3.141593 4.720000

24 3.141593 4.060000

25 3.141593 3.870000

26 3.141593 4.010000

27 3.141593 4.960000

28 3.141593 4.140000

